1568700785055198595,1568700789500973830
1568700789560108775,1568700795111057329
1568700795187138917,1568700802027854658
1568700802107367282,1568700805725675650
1568700805803369663,1568700809441268010
1568700809505151059,1568700813325391370
1568700813422644916,1568700820067121889
1568700820145934169,1568700824603142871
1568700824668514667,1568700827828188689
1568700827896479638,1568700832855988193
1568700832930104061,1568700837854645163
1568700837954432725,1568700839303917823
1568700839359314458,1568700840804069234
1568700840883351240,1568700844257662424
1568700844322413304,1568700852795279315
1568700852873679580,1568700856466418640
1568700856550419426,1568700863171287938
1568700863265800354,1568700866173034243
1568700866271291062,1568700869999969148
1568700870084177502,1568700872608389810
1568700872673716520,1568700876020708506
1568700876116924071,1568700877439807023
1568700877505065633,1568700881829573124
1568700881898904450,1568700883196891718
1568700883267406686,1568700888552835964
1568700888642165660,1568700895160595249
1568700895258432732,1568700900296141349
1568700900359757861,1568700907539136378
1568700907621883588,1568700912764220235
1568700912839975598,1568700914201367059
1568700914268349270,1568700918778827133
1568700918848365052,1568700922466430523
1568700922534910295,1568700927019318063
1568700927107740339,1568700931769933964
1568700931843264142,1568700933365674393
1568700933447524295,1568700935713975221
1568700935776382656,1568700937269228389
1568700937337071532,1568700943910748273
1568700943988878084,1568700945538497502
1568700945603245949,1568700947860329444
1568700947934304789,1568700949825437257
1568700949919556721,1568700952205365726
1568700952300132012,1568700955947741795
1568700956022269738,1568700962935686147
1568700963028402411,1568700969327672484
1568700969429437977,1568700975535676502
1568700975623318482,1568700980339718679
1568700980405206992,1568700983158148452
1568700983243400442,1568700989818776454
1568700989903704350,1568700992156651327
1568700992225941583,1568700997676439936
1568700997746489106,1568701002139865551
1568701002203205486,1568701007266180645
1568701007342074624,1568701014576485792
1568701014645958449,1568701017120370086
1568701017203080442,1568701021481784928
1568701021563471950,1568701024358525842
1568701024428323354,1568701029405543472
1568701029488725471,1568701035389006666
1568701035456167517,1568701038272714968
1568701038363180269,1568701043358797327
1568701043434091396,1568701045646578349
1568701045716827589,1568701052240534389
1568701052306329691,1568701054328506446
1568701054407240436,1568701058579513359
1568701058659054235,1568701060909590680
1568701060985718289,1568701064487043885
1568701064552297994,1568701071909792505
1568701071987298669,1568701076099527204
1568701076196406243,1568701081561644848
1568701081634929263,1568701084870312492
1568701084937869867,1568701086907657698
1568701087001923605,1568701091760884432
1568701091847568187,1568701099421303106
1568701099489894041,1568701102381189592
1568701102455660015,1568701107135322212
1568701107209715319,1568701109724188532
1568701109810639433,1568701112301215213
1568701112390104065,1568701115606165619
1568701115670944742,1568701120334207141
1568701120401928027,1568701125650891814
1568701125727936926,1568701130227111316
1568701130294518312,1568701135059032638
1568701135145142523,1568701142951683872
1568701143028416044,1568701148919688180
1568701149017108509,1568701151111724763
1568701151198363406,1568701154810533034
1568701154890059376,1568701157516465191
1568701157611866172,1568701162188904121
1568701162267718500,1568701164931960746
1568701164996412738,1568701171249428059
1568701171325251681,1568701173747828969
1568701173837596465,1568701176487544906
1568701176555986213,1568701183643955156
1568701183720149447,1568701185812111714
1568701185904906035,1568701188456347119
1568701188543345801,1568701190603625954
1568701190672363490,1568701193194413407
1568701193277832974,1568701195320483605
1568701195404546897,1568701197911418374
1568701197993328311,1568701201959991953
1568701202054691406,1568701209032335359
1568701209119254632,1568701211451132241
1568701211551216534,1568701214377768502
1568701214446018593,1568701219297019788
1568701219397498523,1568701221783937420
1568701221871714852,1568701224732407912
1568701224830055283,1568701229990844756
1568701230075189313,1568701234442340680
1568701234521404368,1568701238400507988
1568701238470743830,1568701243753435713
1568701243832347465,1568701249250814234
1568701249321530360,1568701255897509171
1568701255969114352,1568701258433030846
1568701258499576566,1568701261058418645
1568701261136328419,1568701266098567747
1568701266180924644,1568701268905640611
1568701268983525400,1568701275235440745
1568701275310584979,1568701278800212371
1568701278863212297,1568701282551183270
1568701282617738427,1568701285333429445
1568701285415579657,1568701290186871008
1568701290277958071,1568701296635493393
1568701296701529682,1568701299067281861
1568701299146411659,1568701303525195878
1568701303620132838,1568701310777195619
1568701310838758097,1568701313361192878
1568701313446682278,1568701317620215044
1568701317680979755,1568701324977069615
1568701325044443465,1568701329535333067
1568701329626526785,1568701337196025234
1568701337277610254,1568701342907952123
1568701342976315796,1568701345702155154
1568701345782436391,1568701348473161374
1568701348539802498,1568701355537579334
1568701355623825477,1568701360936329622
1568701361027480421,1568701367703903560
1568701367774921392,1568701370190494740
1568701370269884601,1568701372527588037
1568701372588043690,1568701378778395166
1568701378865264384,1568701382389534258
1568701382485045923,1568701386177871293
1568701386252566465,1568701391351971543
1568701391422675946,1568701394179659710
1568701394247576858,1568701400933938312
1568701400993483571,1568701403289433807
1568701403354717111,1568701407532245058
1568701407600083929,1568701414201224695
1568701414303781171,1568701416623724881
1568701416705323487,1568701421048084865
1568701421117339816,1568701423761130260
1568701423831710343,1568701428358678276
1568701428422795626,1568701430723249147
1568701430792842254,1568701436421117376
1568701436495513431,1568701442627807811
1568701442695894320,1568701450551223127
1568701450599144845,1568701452906168275
1568701452999799590,1568701455692693784
1568701455786177867,1568701458084559558
1568701458146544821,1568701460623093763
1568701460706054051,1568701463124653648
1568701463187333408,1568701467945135277
1568701468014170576,1568701470438857252
1568701470536533434,1568701477193247190
1568701477287292491,1568701479599798748
1568701479681302194,1568701484818403968
1568701484907008999,1568701487248294343
1568701487333673863,1568701490906718083
1568701490978673497,1568701494359642858
1568701494453599334,1568701499218929905
1568701499313802755,1568701502002902336
1568701502088144151,1568701504287275315
1568701504357013051,1568701506832157161
1568701506916854719,1568701512926427799
1568701513009185174,1568701515271769923
1568701515351670136,1568701518400616834
1568701518477157192,1568701522336939811
1568701522424103414,1568701527416290157
1568701527485765155,1568701529857950649
1568701529947703950,1568701532477369261
1568701532565412259,1568701534968186871
1568701535033872648,1568701537356608867
1568701537433891797,1568701544682578853
1568701544743553335,1568701546883639718
1568701546964168765,1568701549237559685
1568701549322984029,1568701554626420772
1568701554701970033,1568701557049442293
1568701557125408523,1568701559330781632
1568701559431946853,1568701561881214014
1568701561971745814,1568701564777249368
1568701564842150826,1568701570565862145
1568701570639960385,1568701573063741964
1568701573150940572,1568701579373604431
1568701579461036767,1568701582008239202
1568701582076114374,1568701584515410969
1568701584598551909,1568701587120773287
1568701587205021753,1568701591491571738
1568701591566861125,1568701593982252895
1568701594051974457,1568701596582084173
1568701596672917594,1568701603275334108
1568701603335960067,1568701605774639463
1568701605858012054,1568701607943719392
1568701608026651051,1568701610529676458
1568701610623995526,1568701612711454551
1568701612802012028,1568701615303595043
1568701615368605794,1568701620194464991
1568701620279554660,1568701622788644799
1568701622878725526,1568701629546775417
1568701629630402375,1568701632143618489
1568701632237333168,1568701634930615520
1568701634998974995,1568701638251478178
1568701638333696388,1568701645008976406
1568701645096517593,1568701647524848257
1568701647611483839,1568701652073776831
1568701652146529367,1568701658030732155
1568701658115523533,1568701660720746252
1568701660801710826,1568701666548006052
1568701666641478998,1568701671390923412
1568701671459176859,1568701678570098379
1568701678639606721,1568701682106791412
1568701682192627245,1568701688042526331
1568701688125543329,1568701692295131073
1568701692386487214,1568701694749542610
1568701694824105907,1568701702266046428
1568701702350336564,1568701704501863330
1568701704573646083,1568701708891129070
1568701708977228384,1568701716698594922
1568701716766129094,1568701720800329099
1568701720885457281,1568701726182711584
1568701726264393306,1568701728752726273
1568701728819666927,1568701730921312538
1568701731016101197,1568701736034117950
1568701736128917341,1568701738230577792
1568701738325669064,1568701743189008658
1568701743274230488,1568701745423941646
1568701745511624130,1568701750745005601
1568701750825704310,1568701752972309755
1568701753037471193,1568701755552531868
1568701755626444085,1568701761163157520
1568701761226262347,1568701765216533690
1568701765289401128,1568701767437701173
1568701767510244433,1568701772687435173
1568701772782692526,1568701774980480766
1568701775047741091,1568701779582207283
1568701779660567554,1568701782212602470
1568701782297981424,1568701786454240050
1568701786550530559,1568701789670871157
1568701789744036807,1568701791805571888
1568701791887146150,1568701795147196018
1568701795232004476,1568701798500200557
1568701798585693396,1568701801139775407
1568701801218179858,1568701803584139623
1568701803643691025,1568701806188860500
1568701806253097142,1568701808459405654
1568701808533416966,1568701811256283148
1568701811333463839,1568701813604867326
1568701813682550215,1568701818016148042
1568701818103790010,1568701822675767377
1568701822741473397,1568701825235517645
1568701825325590479,1568701827566727221
1568701827641594471,1568701831632727448
1568701831713507553,1568701834691385383
1568701834759757738,1568701837247778872
1568701837334006077,1568701839529127770
1568701839598037827,1568701842149016115
1568701842225029465,1568701848321715645
1568701848404581463,1568701855440871533
1568701855516961573,1568701857806928039
1568701857890033044,1568701861348045731
1568701861436307835,1568701864080984510
1568701864151571166,1568701870763715455
1568701870872075964,1568701877849074185
1568701877911981026,1568701885840589186
1568701885888425643,1568701888323450804
1568701888409706921,1568701896085917565
1568701896162846602,1568701898401793847
1568701898489124880,1568701901625606683
1568701901693207916,1568701907910127281
1568701907982942477,1568701912598229282
1568701912680697086,1568701918376316627
1568701918442266838,1568701920957772214
1568701921053860000,1568701925576324470
1568701925674633019,1568701932188206508
1568701932255817988,1568701939733671786
1568701939823527166,1568701943769501890
1568701943858732294,1568701947387167629
1568701947469378124,1568701951474831686
1568701951543834593,1568701954012452275
1568701954100209952,1568701959217461989
1568701959286934943,1568701965358248785
1568701965438371777,1568701970055080016
1568701970126854077,1568701972460845979
1568701972540807056,1568701974693879574
1568701974778683973,1568701978286566461
1568701978344972805,1568701980515380532
1568701980597179905,1568701985995721690
1568701986083171050,1568701993518421727
1568701993611404230,1568701996745557635
1568701996842895831,1568702001549558260
1568702001623312510,1568702007084730093
1568702007163016892,1568702010347840199
1568702010440123781,1568702014390805966
1568702014466611583,1568702019770107641
1568702019863360639,1568702023866046204
1568702023942867209,1568702029156803362
1568702029223073033,1568702031763891978
1568702031847437241,1568702037262130674
1568702037332811470,1568702040812474556
1568702040892386228,1568702043217664706
1568702043285859803,1568702046539183651
1568702046613208069,1568702049441014074
1568702049516988407,1568702055088440790
1568702055175307625,1568702057460049943
1568702057518754532,1568702065045837716
1568702065135743743,1568702067838234417
1568702067907734431,1568702070396713497
1568702070460999296,1568702072889708384
1568702072954600741,1568702076846373122
1568702076919617938,1568702080692954189
1568702080754823798,1568702083129488389
1568702083219035942,1568702085661652214
1568702085741529461,1568702094054757612
1568702094136860616,1568702097227234244
1568702097301793063,1568702099660426596
1568702099740442833,1568702102183657391
1568702102247435721,1568702106217440855
1568702106291366510,1568702108665481465
1568702108732584324,1568702114197455181
1568702114281439771,1568702119656665126
1568702119750047518,1568702123267945475
1568702123352397874,1568702125783394253
1568702125852716414,1568702128477601442
1568702128569259839,1568702135892701674
1568702135969032435,1568702139797377331
1568702139863569045,1568702144226489480
1568702144299760755,1568702148625490615
1568702148721765449,1568702152373026364
1568702152447168950,1568702159030744130
1568702159113947990,1568702166508886455
1568702166573921851,1568702173965751137
1568702174038330352,1568702180578587851
1568702180653163880,1568702184111511610
1568702184200365615,1568702188488197949
1568702188559747964,1568702191129056428
1568702191200434117,1568702194067990446
1568702194152165736,1568702199042061150
1568702199123173913,1568702204951241779
1568702205016374169,1568702208236565901
1568702208333723717,1568702211801750725
1568702211862845822,1568702215052497780
1568702215123815403,1568702219769414703
1568702219841982111,1568702222227590050
1568702222308046990,1568702227791052309
1568702227885665391,1568702230548016922
1568702230631204186,1568702235447380149
1568702235520815137,1568702242349831527
1568702242428244309,1568702249003133312
1568702249077788334,1568702251719427765
1568702251820381719,1568702254337770696
1568702254413254240,1568702260045978847
1568702260136921728,1568702262314335139
1568702262408599345,1568702266395718366
1568702266474660247,1568702270585189121
1568702270647159898,1568702273021757568
1568702273095637844,1568702275347506584
1568702275422855629,1568702277693210343
1568702277776653870,1568702284711651105
1568702284778656278,1568702290133488671
1568702290213139595,1568702297181399203
1568702297243894495,1568702300604004895
1568702300667874635,1568702306010804395
1568702306088635529,1568702308517296274
1568702308606054232,1568702310978001600
1568702311060100174,1568702315350702669
1568702315446899437,1568702320727953188
1568702320815526459,1568702325940384939
1568702326027946722,1568702329383627427
1568702329450040873,1568702334592354156
1568702334679349896,1568702337922691322
1568702337992620698,1568702345704533836
1568702345779439792,1568702348141415933
1568702348207667890,1568702355489065706
1568702355561661145,1568702359583928950
1568702359644500702,1568702367881503853
1568702367955806924,1568702370275282944
1568702370341819755,1568702372751690298
1568702372830538323,1568702375143895439
1568702375236207560,1568702382180310222
1568702382255272149,1568702385348845266
1568702385435009886,1568702390201327728
1568702390268224770,1568702392934628984
1568702393031296453,1568702395348748644
1568702395438297908,1568702399040392467
1568702399114786169,1568702401660957047
1568702401742313886,1568702406805149443
1568702406896234414,1568702413327956076
1568702413404217484,1568702420465955830
1568702420542851981,1568702422869578226
1568702422937075702,1568702425372967033
1568702425447433326,1568702431756880465
1568702431831461819,1568702436977453189
1568702437040952066,1568702439307568408
1568702439394617138,1568702441721208870
1568702441805591879,1568702444140868205
1568702444210445901,1568702446946760303
1568702447036230955,1568702452782258112
1568702452866804531,1568702458637664040
1568702458710625285,1568702462235509755
1568702462331280733,1568702469515572745
1568702469590602472,1568702476275898209
1568702476342980691,1568702481380589731
1568702481468086114,1568702483954566890
1568702484052579351,1568702492008424208
1568702492096237988,1568702498314372928
1568702498386169533,1568702502710151575
1568702502788971929,1568702505393699746
1568702505486850294,1568702510196863798
1568702510280699133,1568702515424895753
1568702515492894881,1568702517704106159
1568702517777267704,1568702520086660424
1568702520173809090,1568702524758831896
1568702524829583046,1568702529735207615
1568702529803216192,1568702533491594005
1568702533555655833,1568702537335375455
1568702537429201867,1568702540908786211
1568702540985422992,1568702543157713717
1568702543221615531,1568702549806380125
1568702549894237460,1568702551921839459
1568702551992002269,1568702554306276293
1568702554385488006,1568702558382231136
1568702558460770024,1568702560701551934
1568702560775030865,1568702562818128018
1568702562894802662,1568702565171002727
1568702565257746953,1568702569194037782
1568702569260467848,1568702572727128795
1568702572798624940,1568702574951981034
1568702575036918114,1568702581473420040
1568702581567676114,1568702583688159750
1568702583782993966,1568702588640276990
1568702588717218811,1568702590971801023
1568702591047441635,1568702593520908473
1568702593608216308,1568702597964741690
1568702598045123698,1568702602230342884
1568702602322218302,1568702605153431252
1568702605223422942,1568702607552171583
1568702607640388781,1568702613935055584
1568702614005783398,1568702616416084596
1568702616508352584,1568702618674610599
1568702618751207043,1568702624987933638
1568702625065215451,1568702627300287649
1568702627400250258,1568702629541723472
1568702629603338667,1568702632271672620
1568702632351750715,1568702641084430710
1568702641172846396,1568702647554006050
1568702647615907075,1568702649921662799
1568702650003550649,1568702652151001671
1568702652219745512,1568702658782382421
1568702658851987074,1568702666882813845
1568702666956172365,1568702669075366597
1568702669162525740,1568702671508215474
1568702671588943776,1568702677565590829
1568702677647051814,1568702684404261720
1568702684483298550,1568702686531017229
1568702686626019199,1568702689119326057
1568702689203690225,1568702691279181515
1568702691377997328,1568702693494768612
1568702693567464638,1568702695613962639
1568702695687193765,1568702697868039074
1568702697935255301,1568702701670308180
1568702701738476276,1568702704010063877
1568702704087196557,1568702706247044483
1568702706317524468,1568702712895836803
1568702712967622336,1568702715167922183
1568702715253451113,1568702718957642628
1568702719049793513,1568702722605923755
1568702722705570147,1568702727282429308
1568702727374014563,1568702729580622392
1568702729644934546,1568702736836508756
1568702736900830700,1568702739162620982
1568702739262012005,1568702744910547274
1568702744979780852,1568702748772154168
1568702748873419919,1568702754286875665
1568702754378700466,1568702756596652182
1568702756694342116,1568702758946333917
1568702759033918858,1568702761371797198
1568702761437761831,1568702763655064322
1568702763728254831,1568702771291725351
1568702771368663933,1568702773605503685
1568702773674624267,1568702775920970330
1568702776020628678,1568702780963340326
1568702781034531442,1568702783314924424
1568702783386207802,1568702785636342365
1568702785712031389,1568702787979875997
1568702788065173443,1568702791948089728
1568702792027104308,1568702794181789350
1568702794276306330,1568702801395848354
1568702801486362333,1568702803761508625
1568702803857979996,1568702806001608367
1568702806064675174,1568702812585825401
1568702812654181642,1568702815435065336
1568702815515965124,1568702817792252965
1568702817872271220,1568702820313827877
1568702820393660054,1568702822579101740
1568702822677218719,1568702827358834244
1568702827407114083,1568702830234102745
1568702830303278511,1568702834948359784
1568702835022168633,1568702839429066952
1568702839519108241,1568702843163803232
1568702843258465059,1568702846187219081
1568702846269293089,1568702848494489851
1568702848569564101,1568702852554014647
1568702852622913706,1568702855329621477
1568702855410059895,1568702860551673320
1568702860615143166,1568702862877416798
1568702862968866798,1568702868091165268
1568702868187739120,1568702870414307157
1568702870492831597,1568702875427977874
1568702875524742476,1568702877843838607
1568702877913864522,1568702882231901655
1568702882303148451,1568702884543109949
1568702884603462108,1568702889578038054
1568702889678488750,1568702895070510741
1568702895132317989,1568702897468032845
1568702897554494815,1568702899596295366
1568702899663008881,1568702905080042865
1568702905154164298,1568702909121697122
1568702909189408593,1568702911796739845
1568702911857892084,1568702913856868461
1568702913951861550,1568702916169087125
1568702916240429342,1568702922639960629
1568702922736608497,1568702928948050679
1568702929040749614,1568702934208174232
1568702934294746958,1568702936565854011
1568702936654303191,1568702941969642939
1568702942042874423,1568702945152175836
1568702945219303040,1568702947884469384
1568702947970783551,1568702951069533988
1568702951147210782,1568702955091588215
1568702955165140269,1568702961732741528
1568702961810620881,1568702964977597763
1568702965045423938,1568702970899770167
1568702970999051527,1568702973898904855
1568702973964969601,1568702976362038748
1568702976439937401,1568702980367691055
1568702980462935624,1568702982967034000
1568702983047626883,1568702987384617684
1568702987473214287,1568702989898877542
1568702989965770745,1568702997052513505
1568702997128982818,1568703004349529550
1568703004422917610,1568703010601186575
1568703010692743043,1568703015619339810
1568703015689539132,1568703022217487778
1568703022301700855,1568703027565196443
1568703027656313846,1568703029777624688
1568703029856170289,1568703032228769448
1568703032325035170,1568703037313503637
1568703037385492414,1568703042917538180
1568703042994885332,1568703046367215086
1568703046464808946,1568703048855274125
1568703048920204505,1568703051102555433
1568703051184587415,1568703056901873356
1568703056984539398,1568703058991563543
1568703059059058556,1568703062173788377
1568703062253390517,1568703064452580623
1568703064554931733,1568703066879512928
1568703066968336594,1568703070828911486
1568703070919102977,1568703073379224235
1568703073446404181,1568703080604616683
1568703080701080240,1568703084570323994
1568703084637458229,1568703088172053016
1568703088268684592,1568703090823767945
1568703090896390182,1568703094221553027
1568703094318487790,1568703096770378965
1568703096850341947,1568703100924580011
1568703101006063729,1568703103437679521
1568703103504675500,1568703110459271636
1568703110530273755,1568703113950229661
1568703114012576760,1568703119350897424
1568703119434766227,1568703122642809435
1568703122708336749,1568703125736169031
1568703125800524876,1568703132164038875
1568703132247722233,1568703135229722523
1568703135315577120,1568703139786060493
1568703139850596668,1568703142503620484
1568703142602905400,1568703147867090423
1568703147952640936,1568703151380794455
1568703151446799567,1568703154273393300
1568703154355150883,1568703156759451613
1568703156826287668,1568703160717285795
1568703160794799907,1568703163174875411
1568703163266380965,1568703170676223626
1568703170756454486,1568703173137595842
1568703173226131828,1568703177706133346
1568703177768419246,1568703180695500722
1568703180785874200,1568703183828253764
1568703183928295109,1568703186331817521
1568703186425240332,1568703188513898711
1568703188589229309,1568703191984456067
1568703192047786269,1568703196302426224
1568703196366025196,1568703201040777244
1568703201107650483,1568703203133096971
1568703203194357729,1568703205182137460
1568703205249284517,1568703207624035117
1568703207688985751,1568703213957029888
1568703214021471429,1568703218717970396
1568703218789662299,1568703220791746953
1568703220852542281,1568703226699818989
1568703226782176974,1568703228873775279
1568703228970447921,1568703232132394812
1568703232227406036,1568703234270457389
1568703234359791221,1568703236724395988
1568703236804601135,1568703242920401032
1568703243005548005,1568703249080151386
1568703249166635791,1568703251244998779
1568703251316399205,1568703253852911216
1568703253943656118,1568703258412860558
1568703258473303780,1568703260928473919
1568703261016332219,1568703266198338460
1568703266261921058,1568703268376051757
1568703268462299214,1568703273550602940
1568703273612983056,1568703275672201358
