1568645775,1568645785
1568645785,1568645793
1568645793,1568645798
1568645798,1568645799
1568645799,1568645812
1568645812,1568645813
1568645813,1568645824
1568645824,1568645829
1568645829,1568645833
1568645833,1568645842
1568645842,1568645848
1568645848,1568645856
1568645856,1568645864
1568645864,1568645866
1568645866,1568645869
unexpected HTTP status: 404 Not Found, URI: https://swarm-gateways.net/bzz:/6706e8391baa50938420e475006617ccc3fa60794a1b3121f3d56c5cb4e67485/
1568645869,1568645888
1568645888,1568645894
unexpected HTTP status: 404 Not Found, URI: https://swarm-gateways.net/bzz:/6706e8391baa50938420e475006617ccc3fa60794a1b3121f3d56c5cb4e67485/
1568645894,1568645900
1568645900,1568645902
unexpected HTTP status: 404 Not Found, URI: https://swarm-gateways.net/bzz:/6706e8391baa50938420e475006617ccc3fa60794a1b3121f3d56c5cb4e67485/
1568645902,1568645903
1568645903,1568645915
1568645915,1568645921
1568645922,1568645929
1568645929,1568645942
1568645942,1568645944
1568645944,1568645946
1568645946,1568645949
1568645949,1568645950
1568645950,1568645956
unexpected HTTP status: 404 Not Found, URI: https://swarm-gateways.net/bzz:/6706e8391baa50938420e475006617ccc3fa60794a1b3121f3d56c5cb4e67485/
1568645956,1568645969
1568645969,1568645973
1568645973,1568645977
1568645977,1568645980
1568645980,1568645981
1568645981,1568645985
1568645985,1568645986
1568645986,1568645995
1568645995,1568646002
1568646002,1568646006
1568646006,1568646013
unexpected HTTP status: 404 Not Found, URI: https://swarm-gateways.net/bzz:/6706e8391baa50938420e475006617ccc3fa60794a1b3121f3d56c5cb4e67485/
1568646013,1568646013
1568646013,1568646022
unexpected HTTP status: 404 Not Found, URI: https://swarm-gateways.net/bzz:/6706e8391baa50938420e475006617ccc3fa60794a1b3121f3d56c5cb4e67485/
1568646022,1568646025
1568646025,1568646031
1568646031,1568646037
1568646037,1568646040
1568646040,1568646065
1568646065,1568646066
1568646066,1568646068
1568646068,1568646071
1568646072,1568646078
1568646078,1568646093
1568646093,1568646099
1568646099,1568646109
1568646109,1568646115
1568646115,1568646124
1568646125,1568646133
1568646133,1568646136
1568646137,1568646141
1568646141,1568646146
1568646146,1568646153
1568646153,1568646156
1568646156,1568646159
1568646159,1568646162
1568646162,1568646165
1568646165,1568646170
1568646170,1568646175
1568646175,1568646177
1568646178,1568646184
1568646184,1568646187
1568646187,1568646190
1568646190,1568646192
1568646192,1568646197
1568646197,1568646201
1568646201,1568646204
1568646204,1568646209
1568646209,1568646212
1568646212,1568646219
1568646219,1568646221
1568646222,1568646224
1568646224,1568646226
1568646226,1568646241
1568646241,1568646244
1568646244,1568646264
1568646264,1568646267
1568646267,1568646271
1568646271,1568646276
1568646276,1568646279
1568646279,1568646282
1568646282,1568646286
1568646286,1568646290
1568646290,1568646293
1568646293,1568646295
1568646295,1568646297
1568646297,1568646300
1568646300,1568646308
1568646308,1568646310
1568646310,1568646318
1568646318,1568646321
1568646321,1568646331
1568646331,1568646334
1568646334,1568646339
1568646339,1568646342
1568646342,1568646346
1568646346,1568646349
1568646349,1568646361
1568646361,1568646369
1568646369,1568646373
1568646373,1568646376
1568646376,1568646378
1568646378,1568646381
1568646382,1568646396
1568646396,1568646402
1568646402,1568646412
1568646412,1568646416
1568646416,1568646418
1568646418,1568646423
1568646423,1568646426
1568646426,1568646428
1568646428,1568646437
1568646438,1568646443
1568646443,1568646450
1568646450,1568646455
1568646456,1568646458
1568646458,1568646461
1568646461,1568646463
1568646463,1568646467
1568646467,1568646470
1568646470,1568646475
1568646475,1568646478
1568646478,1568646481
1568646481,1568646489
1568646489,1568646494
1568646495,1568646497
1568646497,1568646501
1568646501,1568646504
1568646504,1568646508
1568646508,1568646511
1568646511,1568646514
1568646514,1568646518
1568646518,1568646522
1568646522,1568646524
1568646524,1568646528
1568646528,1568646532
1568646532,1568646540
1568646540,1568646544
1568646544,1568646547
1568646547,1568646553
1568646553,1568646559
1568646559,1568646561
1568646561,1568646564
1568646564,1568646566
1568646566,1568646573
1568646573,1568646575
1568646575,1568646584
1568646584,1568646586
1568646586,1568646591
1568646591,1568646608
1568646608,1568646613
1568646613,1568646615
1568646615,1568646649
1568646649,1568646651
1568646652,1568646654
1568646654,1568646659
1568646659,1568646662
1568646662,1568646666
1568646666,1568646669
1568646669,1568646674
1568646674,1568646677
1568646677,1568646684
1568646684,1568646687
1568646687,1568646692
1568646692,1568646695
1568646695,1568646698
1568646698,1568646703
1568646703,1568646705
1568646705,1568646710
1568646710,1568646714
1568646714,1568646720
1568646720,1568646727
1568646727,1568646729
1568646730,1568646732
1568646732,1568646734
1568646734,1568646737
1568646737,1568646740
1568646740,1568646743
1568646743,1568646745
1568646745,1568646752
1568646752,1568646757
1568646758,1568646760
1568646760,1568646765
1568646765,1568646767
1568646767,1568646772
1568646772,1568646775
1568646775,1568646780
1568646780,1568646782
1568646782,1568646788
1568646788,1568646793
1568646793,1568646799
1568646799,1568646802
1568646802,1568646805
1568646805,1568646807
1568646808,1568646810
1568646810,1568646812
1568646812,1568646815
1568646815,1568646817
1568646817,1568646820
1568646820,1568646822
1568646822,1568646824
1568646825,1568646827
1568646827,1568646831
1568646831,1568646834
1568646834,1568646839
1568646839,1568646842
1568646842,1568646844
1568646844,1568646846
1568646846,1568646849
1568646849,1568646851
1568646851,1568646854
1568646854,1568646856
1568646856,1568646858
1568646859,1568646861
1568646861,1568646874
1568646875,1568646877
1568646877,1568646880
1568646881,1568646883
1568646883,1568646888
1568646888,1568646890
1568646890,1568646895
1568646895,1568646897
1568646897,1568646899
1568646899,1568646901
1568646902,1568646908
1568646908,1568646910
1568646910,1568646915
1568646915,1568646917
1568646917,1568646919
1568646919,1568646922
1568646922,1568646928
1568646928,1568646931
1568646931,1568646931
1568646931,1568646932
1568646932,1568646934
1568646934,1568646937
1568646937,1568646939
1568646939,1568646942
1568646942,1568646945
1568646945,1568646947
1568646948,1568646950
1568646951,1568646953
1568646953,1568646955
1568646955,1568646958
1568646958,1568646963
1568646963,1568646966
1568646966,1568646968
1568646968,1568646974
1568646974,1568646976
1568646976,1568646982
1568646982,1568646984
1568646984,1568646988
1568646988,1568646992
1568646992,1568646994
1568646994,1568646997
1568646997,1568646999
1568646999,1568647001
1568647001,1568647006
1568647007,1568647009
1568647009,1568647011
1568647011,1568647014
1568647014,1568647018
1568647019,1568647021
1568647021,1568647024
1568647024,1568647027
1568647027,1568647029
1568647029,1568647032
1568647032,1568647034
1568647034,1568647038
1568647038,1568647040
1568647040,1568647043
1568647043,1568647045
1568647045,1568647051
1568647051,1568647054
1568647054,1568647060
1568647060,1568647062
1568647062,1568647067
1568647067,1568647069
1568647069,1568647073
1568647073,1568647078
1568647078,1568647084
1568647084,1568647087
1568647087,1568647091
1568647091,1568647094
1568647094,1568647097
1568647097,1568647100
1568647100,1568647102
1568647103,1568647105
1568647105,1568647108
1568647108,1568647113
1568647113,1568647115
1568647115,1568647118
1568647119,1568647123
1568647123,1568647128
1568647128,1568647131
1568647131,1568647133
1568647133,1568647139
1568647139,1568647142
1568647142,1568647144
1568647144,1568647146
1568647146,1568647151
1568647151,1568647155
1568647155,1568647157
1568647157,1568647159
1568647159,1568647163
1568647163,1568647168
1568647168,1568647171
1568647171,1568647173
1568647173,1568647175
1568647176,1568647178
1568647178,1568647185
1568647185,1568647188
1568647188,1568647189
1568647189,1568647192
1568647192,1568647194
1568647194,1568647199
1568647199,1568647202
1568647202,1568647205
1568647205,1568647209
1568647209,1568647212
1568647212,1568647215
1568647215,1568647219
1568647219,1568647223
1568647223,1568647225
